T020051401
T020058670
T050007540 maria lourdes

315037


07001768
14000258
15000188




05004424 (CODIGO DE BARRA DE MUESTRA)
05004425
05004904
06001311
06001346
03001299
03003380
03005201
03005533
03006874
03006979
03007978
03007984
03008255
03008317
03008357
03008664
03008836
03009799
03009811
03010023
03010041
03010769
03011110
03011119
04000076
05004585
07000874
07000886
07000921
07001067
07001299
07001594
07003089
07003220
07004158
07004174
07004376
07004733
07005215
07005226
07005245
07005310
07007855
07007893
07008164
07008454
01006761
01007018
01007019
01007097





NOMBRE: prueba
CEDUAL:Pureba
